Length of ship: 6
Width of ship: 6
Height of ship: 10
Number of containers: 720
List of containers: 
01-27-0470;40;4;22
2023-01-27-0429;40;4;22
2023-01-27-0401;40;4;22
2023-01-27-0352;40;4;22
2023-01-27-0312;40;4;22
2023-01-27-0242;40;4;22
2023-01-27-0233;40;4;22
2023-01-27-0214;40;4;22
2023-01-27-0204;40;4;22
2023-01-27-0153;40;4;22
2023-01-27-0134;40;4;22
2023-01-27-0094;40;4;22
2023-01-27-0048;40;4;22
2023-01-27-0039;40;4;22
2023-01-27-0009;40;4;22
2023-01-27-0711;40;4;21
2023-01-27-0658;40;4;21
2023-01-27-0604;40;4;21
2023-01-27-0572;40;4;21
2023-01-27-0536;40;4;21
2023-01-27-0515;40;4;21
2023-01-27-0513;40;4;21
2023-01-27-0395;40;4;21
2023-01-27-0335;40;4;21
2023-01-27-0310;40;4;21
2023-01-27-0290;40;4;21
2023-01-27-0280;40;4;21
2023-01-27-0175;40;4;21
2023-01-27-0012;40;4;21
2023-01-27-0011;40;4;21
2023-01-27-0670;40;4;20
2023-01-27-0613;40;4;20
2023-01-27-0538;40;4;20
2023-01-27-0528;40;4;20
2023-01-27-0494;40;4;20
2023-01-27-0463;40;4;20
2023-01-27-0431;40;4;20
2023-01-27-0375;40;4;20
2023-01-27-0318;40;4;20
2023-01-27-0294;40;4;20
2023-01-27-0289;40;4;20
2023-01-27-0266;40;4;20
2023-01-27-0250;40;4;20
2023-01-27-0114;40;4;20
2023-01-27-0075;40;4;20
2023-01-27-0696;40;4;19
2023-01-27-0689;40;4;19
2023-01-27-0683;40;4;19
2023-01-27-0679;40;4;19
2023-01-27-0606;40;4;19
2023-01-27-0598;40;4;19
2023-01-27-0594;40;4;19
2023-01-27-0499;40;4;19
2023-01-27-0435;40;4;19
2023-01-27-0416;40;4;19
2023-01-27-0363;40;4;19
2023-01-27-0360;40;4;19
2023-01-27-0342;40;4;19
2023-01-27-0338;40;4;19
2023-01-27-0327;40;4;19
2023-01-27-0320;40;4;19
2023-01-27-0248;40;4;19
2023-01-27-0235;40;4;19
2023-01-27-0185;40;4;19
2023-01-27-0133;40;4;19
2023-01-27-0694;40;4;18
2023-01-27-0641;40;4;18
2023-01-27-0640;40;4;18
2023-01-27-0593;40;4;18
2023-01-27-0403;40;4;18
2023-01-27-0307;40;4;18
2023-01-27-0269;40;4;18
2023-01-27-0227;40;4;18
2023-01-27-0159;40;4;18
2023-01-27-0104;40;4;18
2023-01-27-0089;40;4;18
2023-01-27-0082;40;4;18
2023-01-27-0065;40;4;18
2023-01-27-0007;40;4;18
2023-01-27-0710;40;4;17
2023-01-27-0656;40;4;17
2023-01-27-0635;40;4;17
2023-01-27-0602;40;4;17
2023-01-27-0474;40;4;17
2023-01-27-0355;40;4;17
2023-01-27-0291;40;4;17
2023-01-27-0270;40;4;17
2023-01-27-0205;40;4;17
2023-01-27-0140;40;4;17
2023-01-27-0092;40;4;17
2023-01-27-0049;40;4;17
2023-01-27-0046;40;4;17
2023-01-27-0001;40;4;17
2023-01-27-0574;40;4;16
2023-01-27-0552;40;4;16
2023-01-27-0485;40;4;16
2023-01-27-0438;40;4;16
2023-01-27-0407;40;4;16
2023-01-27-0383;40;4;16
2023-01-27-0239;40;4;16
2023-01-27-0232;40;4;16
2023-01-27-0210;40;4;16
2023-01-27-0152;40;4;16
2023-01-27-0070;40;4;16
2023-01-27-0028;40;4;16
2023-01-27-0016;40;4;16
2023-01-27-0719;40;4;15
2023-01-27-0693;40;4;15
2023-01-27-0636;40;4;15
2023-01-27-0608;40;4;15
2023-01-27-0555;40;4;15
2023-01-27-0535;40;4;15
2023-01-27-0505;40;4;15
2023-01-27-0481;40;4;15
2023-01-27-0443;40;4;15
2023-01-27-0436;40;4;15
2023-01-27-0313;40;4;15
2023-01-27-0258;40;4;15
2023-01-27-0256;40;4;15
2023-01-27-0117;40;4;15
2023-01-27-0102;40;4;15
2023-01-27-0088;40;4;15
2023-01-27-0003;40;4;15
2023-01-27-0672;20;2;20
2023-01-27-0666;20;2;20
2023-01-27-0633;20;2;20
2023-01-27-0478;20;2;20
2023-01-27-0384;20;2;20
2023-01-27-0326;20;2;20
2023-01-27-0221;20;2;20
2023-01-27-0219;20;2;20
2023-01-27-0203;20;2;20
2023-01-27-0167;20;2;20
2023-01-27-0131;20;2;20
2023-01-27-0078;20;2;20
2023-01-27-0056;20;2;20
2023-01-27-0026;20;2;20
2023-01-27-0720;20;2;19
2023-01-27-0699;20;2;19
2023-01-27-0557;20;2;19
2023-01-27-0484;20;2;19
2023-01-27-0393;20;2;19
2023-01-27-0343;20;2;19
2023-01-27-0300;20;2;19
2023-01-27-0240;20;2;19
2023-01-27-0225;20;2;19
2023-01-27-0190;20;2;19
2023-01-27-0176;20;2;19
2023-01-27-0717;20;2;18
2023-01-27-0701;20;2;18
2023-01-27-0659;20;2;18
2023-01-27-0651;20;2;18
2023-01-27-0623;20;2;18
2023-01-27-0584;20;2;18
2023-01-27-0545;20;2;18
2023-01-27-0413;20;2;18
2023-01-27-0328;20;2;18
2023-01-27-0317;20;2;18
2023-01-27-0304;20;2;18
2023-01-27-0278;20;2;18
2023-01-27-0257;20;2;18
2023-01-27-0237;20;2;18
2023-01-27-0194;20;2;18
2023-01-27-0169;20;2;18
2023-01-27-0154;20;2;18
2023-01-27-0144;20;2;18
2023-01-27-0111;20;2;18
2023-01-27-0084;20;2;18
2023-01-27-0033;20;2;18
2023-01-27-0008;20;2;18
2023-01-27-0530;40;4;14
2023-01-27-0521;40;4;14
2023-01-27-0518;40;4;14
2023-01-27-0492;40;4;14
2023-01-27-0468;40;4;14
2023-01-27-0462;40;4;14
2023-01-27-0454;40;4;14
2023-01-27-0382;40;4;14
2023-01-27-0381;40;4;14
2023-01-27-0356;40;4;14
2023-01-27-0347;40;4;14
2023-01-27-0299;40;4;14
2023-01-27-0264;40;4;14
2023-01-27-0246;40;4;14
2023-01-27-0141;40;4;14
2023-01-27-0122;40;4;14
2023-01-27-0057;40;4;14
2023-01-27-0044;40;4;14
2023-01-27-0708;20;2;17
2023-01-27-0684;20;2;17
2023-01-27-0652;20;2;17
2023-01-27-0542;20;2;17
2023-01-27-0482;20;2;17
2023-01-27-0467;20;2;17
2023-01-27-0424;20;2;17
2023-01-27-0414;20;2;17
2023-01-27-0369;20;2;17
2023-01-27-0215;20;2;17
2023-01-27-0066;20;2;17
2023-01-27-0638;20;2;16
2023-01-27-0622;20;2;16
2023-01-27-0588;20;2;16
2023-01-27-0420;20;2;16
2023-01-27-0419;20;2;16
2023-01-27-0418;20;2;16
2023-01-27-0365;20;2;16
2023-01-27-0321;20;2;16
2023-01-27-0216;20;2;16
2023-01-27-0165;20;2;16
2023-01-27-0109;20;2;16
2023-01-27-0105;20;2;16
2023-01-27-0053;20;2;16
2023-01-27-0024;20;2;16
2023-01-27-0004;20;2;16
2023-01-27-0664;40;4;13
2023-01-27-0573;40;4;13
2023-01-27-0465;40;4;13
2023-01-27-0449;40;4;13
2023-01-27-0399;40;4;13
2023-01-27-0378;40;4;13
2023-01-27-0371;40;4;13
2023-01-27-0357;40;4;13
2023-01-27-0224;40;4;13
2023-01-27-0183;40;4;13
2023-01-27-0147;40;4;13
2023-01-27-0080;40;4;13
2023-01-27-0709;20;2;15
2023-01-27-0695;20;2;15
2023-01-27-0607;20;2;15
2023-01-27-0576;20;2;15
2023-01-27-0544;20;2;15
2023-01-27-0520;20;2;15
2023-01-27-0511;20;2;15
2023-01-27-0451;20;2;15
2023-01-27-0425;20;2;15
2023-01-27-0421;20;2;15
2023-01-27-0411;20;2;15
2023-01-27-0394;20;2;15
2023-01-27-0344;20;2;15
2023-01-27-0333;20;2;15
2023-01-27-0279;20;2;15
2023-01-27-0271;20;2;15
2023-01-27-0259;20;2;15
2023-01-27-0161;20;2;15
2023-01-27-0085;20;2;15
2023-01-27-0060;20;2;15
2023-01-27-0027;20;2;15
2023-01-27-0013;20;2;15
2023-01-27-0667;40;4;12
2023-01-27-0653;40;4;12
2023-01-27-0648;40;4;12
2023-01-27-0621;40;4;12
2023-01-27-0620;40;4;12
2023-01-27-0612;40;4;12
2023-01-27-0522;40;4;12
2023-01-27-0514;40;4;12
2023-01-27-0491;40;4;12
2023-01-27-0466;40;4;12
2023-01-27-0433;40;4;12
2023-01-27-0396;40;4;12
2023-01-27-0372;40;4;12
2023-01-27-0254;40;4;12
2023-01-27-0249;40;4;12
2023-01-27-0238;40;4;12
2023-01-27-0166;40;4;12
2023-01-27-0151;40;4;12
2023-01-27-0150;40;4;12
2023-01-27-0121;40;4;12
2023-01-27-0081;40;4;12
2023-01-27-0610;40;4;11
2023-01-27-0548;40;4;11
2023-01-27-0461;40;4;11
2023-01-27-0458;40;4;11
2023-01-27-0423;40;4;11
2023-01-27-0316;40;4;11
2023-01-27-0315;40;4;11
2023-01-27-0284;40;4;11
2023-01-27-0274;40;4;11
2023-01-27-0068;40;4;11
2023-01-27-0047;40;4;11
2023-01-27-0022;40;4;11
2023-01-27-0700;40;4;10
2023-01-27-0690;40;4;10
2023-01-27-0591;40;4;10
2023-01-27-0575;40;4;10
2023-01-27-0526;40;4;10
2023-01-27-0509;40;4;10
2023-01-27-0488;40;4;10
2023-01-27-0444;40;4;10
2023-01-27-0405;40;4;10
2023-01-27-0351;40;4;10
2023-01-27-0297;40;4;10
2023-01-27-0247;40;4;10
2023-01-27-0222;40;4;10
2023-01-27-0172;40;4;10
2023-01-27-0116;40;4;10
2023-01-27-0076;40;4;10
2023-01-27-0061;40;4;10
2023-01-27-0032;40;4;10
2023-01-27-0017;40;4;10
2023-01-27-0702;40;4;9
2023-01-27-0675;40;4;9
2023-01-27-0655;40;4;9
2023-01-27-0580;40;4;9
2023-01-27-0558;40;4;9
2023-01-27-0334;40;4;9
2023-01-27-0309;40;4;9
2023-01-27-0296;40;4;9
2023-01-27-0287;40;4;9
2023-01-27-0286;40;4;9
2023-01-27-0213;40;4;9
2023-01-27-0157;40;4;9
2023-01-27-0123;40;4;9
2023-01-27-0073;40;4;9
2023-01-27-0071;40;4;9
2023-01-27-0019;40;4;9
2023-01-27-0677;20;2;14
2023-01-27-0639;20;2;14
2023-01-27-0611;20;2;14
2023-01-27-0592;20;2;14
2023-01-27-0587;20;2;14
2023-01-27-0570;20;2;14
2023-01-27-0564;20;2;14
2023-01-27-0527;20;2;14
2023-01-27-0512;20;2;14
2023-01-27-0507;20;2;14
2023-01-27-0455;20;2;14
2023-01-27-0445;20;2;14
2023-01-27-0306;20;2;14
2023-01-27-0272;20;2;14
2023-01-27-0207;20;2;14
2023-01-27-0202;20;2;14
2023-01-27-0178;20;2;14
2023-01-27-0145;20;2;14
2023-01-27-0138;20;2;14
2023-01-27-0125;20;2;14
2023-01-27-0718;20;2;13
2023-01-27-0703;20;2;13
2023-01-27-0686;20;2;13
2023-01-27-0477;20;2;13
2023-01-27-0448;20;2;13
2023-01-27-0427;20;2;13
2023-01-27-0332;20;2;13
2023-01-27-0293;20;2;13
2023-01-27-0263;20;2;13
2023-01-27-0193;20;2;13
2023-01-27-0189;20;2;13
2023-01-27-0184;20;2;13
2023-01-27-0162;20;2;13
2023-01-27-0128;20;2;13
2023-01-27-0115;20;2;13
2023-01-27-0097;20;2;13
2023-01-27-0617;20;2;12
2023-01-27-0595;20;2;12
2023-01-27-0550;20;2;12
2023-01-27-0510;20;2;12
2023-01-27-0495;20;2;12
2023-01-27-0489;20;2;12
2023-01-27-0428;20;2;12
2023-01-27-0402;20;2;12
2023-01-27-0368;20;2;12
2023-01-27-0268;20;2;12
2023-01-27-0199;20;2;12
2023-01-27-0192;20;2;12
2023-01-27-0043;20;2;12
2023-01-27-0577;20;2;11
2023-01-27-0547;20;2;11
2023-01-27-0502;20;2;11
2023-01-27-0459;20;2;11
2023-01-27-0389;20;2;11
2023-01-27-0385;20;2;11
2023-01-27-0380;20;2;11
2023-01-27-0209;20;2;11
2023-01-27-0156;20;2;11
2023-01-27-0103;20;2;11
2023-01-27-0090;20;2;11
2023-01-27-0079;20;2;11
2023-01-27-0029;20;2;11
2023-01-27-0021;20;2;11
2023-01-27-0002;20;2;11
2023-01-27-0692;40;4;8
2023-01-27-0561;40;4;8
2023-01-27-0500;40;4;8
2023-01-27-0437;40;4;8
2023-01-27-0434;40;4;8
2023-01-27-0358;40;4;8
2023-01-27-0345;40;4;8
2023-01-27-0253;40;4;8
2023-01-27-0191;40;4;8
2023-01-27-0173;40;4;8
2023-01-27-0118;40;4;8
2023-01-27-0712;40;4;7
2023-01-27-0705;40;4;7
2023-01-27-0697;40;4;7
2023-01-27-0663;40;4;7
2023-01-27-0643;40;4;7
2023-01-27-0560;40;4;7
2023-01-27-0531;40;4;7
2023-01-27-0475;40;4;7
2023-01-27-0415;40;4;7
2023-01-27-0406;40;4;7
2023-01-27-0349;40;4;7
2023-01-27-0337;40;4;7
2023-01-27-0322;40;4;7
2023-01-27-0228;40;4;7
2023-01-27-0137;40;4;7
2023-01-27-0136;40;4;7
2023-01-27-0018;40;4;7
2023-01-27-0715;40;4;6
2023-01-27-0662;40;4;6
2023-01-27-0618;40;4;6
2023-01-27-0529;40;4;6
2023-01-27-0506;40;4;6
2023-01-27-0417;40;4;6
2023-01-27-0265;40;4;6
2023-01-27-0236;40;4;6
2023-01-27-0231;40;4;6
2023-01-27-0164;40;4;6
2023-01-27-0067;40;4;6
2023-01-27-0031;40;4;6
2023-01-27-0678;40;4;5
2023-01-27-0671;40;4;5
2023-01-27-0629;40;4;5
2023-01-27-0619;40;4;5
2023-01-27-0599;40;4;5
2023-01-27-0556;40;4;5
2023-01-27-0543;40;4;5
2023-01-27-0473;40;4;5
2023-01-27-0439;40;4;5
2023-01-27-0376;40;4;5
2023-01-27-0374;40;4;5
2023-01-27-0350;40;4;5
2023-01-27-0276;40;4;5
2023-01-27-0273;40;4;5
2023-01-27-0255;40;4;5
2023-01-27-0226;40;4;5
2023-01-27-0155;40;4;5
2023-01-27-0113;40;4;5
2023-01-27-0006;40;4;5
2023-01-27-0716;40;4;4
2023-01-27-0649;40;4;4
2023-01-27-0614;40;4;4
2023-01-27-0546;40;4;4
2023-01-27-0541;40;4;4
2023-01-27-0532;40;4;4
2023-01-27-0519;40;4;4
2023-01-27-0398;40;4;4
2023-01-27-0353;40;4;4
2023-01-27-0302;40;4;4
2023-01-27-0283;40;4;4
2023-01-27-0260;40;4;4
2023-01-27-0208;40;4;4
2023-01-27-0135;40;4;4
2023-01-27-0108;40;4;4
2023-01-27-0107;40;4;4
2023-01-27-0087;40;4;4
2023-01-27-0086;40;4;4
2023-01-27-0072;40;4;4
2023-01-27-0058;40;4;4
2023-01-27-0626;40;4;3
2023-01-27-0601;40;4;3
2023-01-27-0596;40;4;3
2023-01-27-0567;40;4;3
2023-01-27-0533;40;4;3
2023-01-27-0517;40;4;3
2023-01-27-0498;40;4;3
2023-01-27-0472;40;4;3
2023-01-27-0447;40;4;3
2023-01-27-0392;40;4;3
2023-01-27-0245;40;4;3
2023-01-27-0206;40;4;3
2023-01-27-0139;40;4;3
2023-01-27-0124;40;4;3
2023-01-27-0099;40;4;3
2023-01-27-0646;40;4;2
2023-01-27-0624;40;4;2
2023-01-27-0566;40;4;2
2023-01-27-0540;40;4;2
2023-01-27-0486;40;4;2
2023-01-27-0409;40;4;2
2023-01-27-0400;40;4;2
2023-01-27-0379;40;4;2
2023-01-27-0373;40;4;2
2023-01-27-0354;40;4;2
2023-01-27-0305;40;4;2
2023-01-27-0301;40;4;2
2023-01-27-0096;40;4;2
2023-01-27-0091;40;4;2
2023-01-27-0688;40;4;1
2023-01-27-0568;40;4;1
2023-01-27-0565;40;4;1
2023-01-27-0537;40;4;1
2023-01-27-0456;40;4;1
2023-01-27-0446;40;4;1
2023-01-27-0430;40;4;1
2023-01-27-0410;40;4;1
2023-01-27-0391;40;4;1
2023-01-27-0367;40;4;1
2023-01-27-0308;40;4;1
2023-01-27-0229;40;4;1
2023-01-27-0179;40;4;1
2023-01-27-0051;40;4;1
2023-01-27-0045;40;4;1
2023-01-27-0023;40;4;1
2023-01-27-0014;40;4;1
2023-01-27-0010;40;4;1
2023-01-27-0674;20;2;10
2023-01-27-0585;20;2;10
2023-01-27-0516;20;2;10
2023-01-27-0483;20;2;10
2023-01-27-0471;20;2;10
2023-01-27-0464;20;2;10
2023-01-27-0452;20;2;10
2023-01-27-0388;20;2;10
2023-01-27-0366;20;2;10
2023-01-27-0364;20;2;10
2023-01-27-0340;20;2;10
2023-01-27-0212;20;2;10
2023-01-27-0142;20;2;10
2023-01-27-0063;20;2;10
2023-01-27-0042;20;2;10
2023-01-27-0682;20;2;9
2023-01-27-0660;20;2;9
2023-01-27-0600;20;2;9
2023-01-27-0597;20;2;9
2023-01-27-0563;20;2;9
2023-01-27-0559;20;2;9
2023-01-27-0549;20;2;9
2023-01-27-0508;20;2;9
2023-01-27-0412;20;2;9
2023-01-27-0397;20;2;9
2023-01-27-0362;20;2;9
2023-01-27-0346;20;2;9
2023-01-27-0277;20;2;9
2023-01-27-0262;20;2;9
2023-01-27-0241;20;2;9
2023-01-27-0223;20;2;9
2023-01-27-0211;20;2;9
2023-01-27-0163;20;2;9
2023-01-27-0101;20;2;9
2023-01-27-0041;20;2;9
2023-01-27-0704;20;2;8
2023-01-27-0654;20;2;8
2023-01-27-0650;20;2;8
2023-01-27-0637;20;2;8
2023-01-27-0625;20;2;8
2023-01-27-0579;20;2;8
2023-01-27-0503;20;2;8
2023-01-27-0457;20;2;8
2023-01-27-0348;20;2;8
2023-01-27-0331;20;2;8
2023-01-27-0311;20;2;8
2023-01-27-0217;20;2;8
2023-01-27-0196;20;2;8
2023-01-27-0120;20;2;8
2023-01-27-0055;20;2;8
2023-01-27-0054;20;2;8
2023-01-27-0634;20;2;7
2023-01-27-0609;20;2;7
2023-01-27-0534;20;2;7
2023-01-27-0525;20;2;7
2023-01-27-0441;20;2;7
2023-01-27-0303;20;2;7
2023-01-27-0261;20;2;7
2023-01-27-0181;20;2;7
2023-01-27-0168;20;2;7
2023-01-27-0143;20;2;7
2023-01-27-0129;20;2;7
2023-01-27-0126;20;2;7
2023-01-27-0110;20;2;7
2023-01-27-0037;20;2;7
2023-01-27-0698;20;2;6
2023-01-27-0631;20;2;6
2023-01-27-0627;20;2;6
2023-01-27-0504;20;2;6
2023-01-27-0390;20;2;6
2023-01-27-0370;20;2;6
2023-01-27-0267;20;2;6
2023-01-27-0243;20;2;6
2023-01-27-0127;20;2;6
2023-01-27-0106;20;2;6
2023-01-27-0077;20;2;6
2023-01-27-0052;20;2;6
2023-01-27-0681;20;2;5
2023-01-27-0628;20;2;5
2023-01-27-0554;20;2;5
2023-01-27-0524;20;2;5
2023-01-27-0501;20;2;5
2023-01-27-0493;20;2;5
2023-01-27-0490;20;2;5
2023-01-27-0440;20;2;5
2023-01-27-0426;20;2;5
2023-01-27-0408;20;2;5
2023-01-27-0387;20;2;5
2023-01-27-0295;20;2;5
2023-01-27-0275;20;2;5
2023-01-27-0197;20;2;5
2023-01-27-0093;20;2;5
2023-01-27-0083;20;2;5
2023-01-27-0069;20;2;5
2023-01-27-0676;20;2;4
2023-01-27-0668;20;2;4
2023-01-27-0644;20;2;4
2023-01-27-0630;20;2;4
2023-01-27-0553;20;2;4
2023-01-27-0496;20;2;4
2023-01-27-0480;20;2;4
2023-01-27-0460;20;2;4
2023-01-27-0432;20;2;4
2023-01-27-0359;20;2;4
2023-01-27-0341;20;2;4
2023-01-27-0330;20;2;4
2023-01-27-0329;20;2;4
2023-01-27-0188;20;2;4
2023-01-27-0187;20;2;4
2023-01-27-0174;20;2;4
2023-01-27-0158;20;2;4
2023-01-27-0149;20;2;4
2023-01-27-0130;20;2;4
2023-01-27-0112;20;2;4
2023-01-27-0035;20;2;4
2023-01-27-0025;20;2;4
2023-01-27-0714;20;2;3
2023-01-27-0707;20;2;3
2023-01-27-0665;20;2;3
2023-01-27-0647;20;2;3
2023-01-27-0603;20;2;3
2023-01-27-0583;20;2;3
2023-01-27-0578;20;2;3
2023-01-27-0569;20;2;3
2023-01-27-0551;20;2;3
2023-01-27-0539;20;2;3
2023-01-27-0487;20;2;3
2023-01-27-0453;20;2;3
2023-01-27-0386;20;2;3
2023-01-27-0292;20;2;3
2023-01-27-0285;20;2;3
2023-01-27-0252;20;2;3
2023-01-27-0244;20;2;3
2023-01-27-0220;20;2;3
2023-01-27-0132;20;2;3
2023-01-27-0095;20;2;3
2023-01-27-0074;20;2;3
2023-01-27-0064;20;2;3
2023-01-27-0059;20;2;3
2023-01-27-0040;20;2;3
2023-01-27-0034;20;2;3
2023-01-27-0015;20;2;3
2023-01-27-0005;20;2;3
2023-01-27-0713;40;4;0
2023-01-27-0680;40;4;0
2023-01-27-0642;40;4;0
2023-01-27-0616;40;4;0
2023-01-27-0479;40;4;0
2023-01-27-0450;40;4;0
2023-01-27-0377;40;4;0
2023-01-27-0361;40;4;0
2023-01-27-0314;40;4;0
2023-01-27-0282;40;4;0
2023-01-27-0234;40;4;0
2023-01-27-0201;40;4;0
2023-01-27-0182;40;4;0
2023-01-27-0160;40;4;0
2023-01-27-0146;40;4;0
2023-01-27-0030;40;4;0
2023-01-27-0687;20;2;2
2023-01-27-0661;20;2;2
2023-01-27-0632;20;2;2
2023-01-27-0590;20;2;2
2023-01-27-0582;20;2;2
2023-01-27-0562;20;2;2
2023-01-27-0497;20;2;2
2023-01-27-0476;20;2;2
2023-01-27-0442;20;2;2
2023-01-27-0339;20;2;2
2023-01-27-0298;20;2;2
2023-01-27-0281;20;2;2
2023-01-27-0218;20;2;2
2023-01-27-0198;20;2;2
2023-01-27-0171;20;2;2
2023-01-27-0098;20;2;2
2023-01-27-0062;20;2;2
2023-01-27-0691;20;2;1
2023-01-27-0673;20;2;1
2023-01-27-0669;20;2;1
2023-01-27-0657;20;2;1
2023-01-27-0645;20;2;1
2023-01-27-0615;20;2;1
2023-01-27-0605;20;2;1
2023-01-27-0404;20;2;1
2023-01-27-0323;20;2;1
2023-01-27-0230;20;2;1
2023-01-27-0200;20;2;1
2023-01-27-0195;20;2;1
2023-01-27-0186;20;2;1
2023-01-27-0177;20;2;1
2023-01-27-0119;20;2;1
2023-01-27-0020;20;2;1
2023-01-27-0706;20;2;0
2023-01-27-0589;20;2;0
2023-01-27-0523;20;2;0
2023-01-27-0469;20;2;0
2023-01-27-0422;20;2;0
2023-01-27-0336;20;2;0
2023-01-27-0325;20;2;0
2023-01-27-0324;20;2;0
2023-01-27-0319;20;2;0
2023-01-27-0288;20;2;0
2023-01-27-0251;20;2;0
2023-01-27-0180;20;2;0
2023-01-27-0170;20;2;0
2023-01-27-0148;20;2;0
2023-01-27-0100;20;2;0
2023-01-27-0050;20;2;0
2023-01-27-0038;20;2;0
2023-01-27-0036;20;2;0
